[[[2.47631232e-03,3.28299603e-10,7.65293780e-04,-1.13666350e-03
,3.51489681e-10,-9.38983896e-04,1.20676538e-10,3.51785332e-10
,5.86564153e-03,-1.50327617e-02,3.14081692e-10,-1.27538620e-02
,1.53531440e-02,-1.75194838e-10,4.73194080e-03,-7.02035440e-03,
-2.84786040e-10,2.79756000e-10,-5.80486100e-03,-4.60422730e-10
,3.63256600e-02,-9.30360080e-02,-5.65594920e-10,-7.92140000e-02],
[-1.65591128e-04,2.16184449e-05,-9.77249542e-06,1.13983657e-04
,3.44083255e-05,-6.20763081e-05,-6.31910505e-05,-3.38060667e-05
,2.62567059e-04,8.71480623e-04,-2.06461562e-05,-7.85742050e-04,
-1.02666639e-03,1.33697382e-04,-6.04251360e-05,7.03993200e-04
,2.12761120e-04,-3.90651400e-04,-3.83760100e-04,-2.08997770e-04
,1.62606500e-03,5.39348570e-03,-1.27801872e-04,-4.88022000e-03]],
[[-1.65591128e-04,2.16184449e-05,-9.77249542e-06,1.13983657e-04
,3.44083255e-05,-6.20763081e-05,-6.31910505e-05,-3.38060667e-05
,2.62567059e-04,8.71480623e-04,-2.06461562e-05,-7.85742050e-04,
-1.02666639e-03,1.33697382e-04,-6.04251360e-05,7.03993200e-04
,2.12761120e-04,-3.90651400e-04,-3.83760100e-04,-2.08997770e-04
,1.62606500e-03,5.39348570e-03,-1.27801872e-04,-4.88022000e-03],
[7.82559537e-05,5.13587772e-11,-4.56903396e-05,-1.40120288e-06
,6.92136279e-11,1.41192403e-04,3.84436019e-10,2.38890493e-10
,6.51864327e-03,1.84952846e-04,2.61078920e-11,-2.23412678e-02
,4.85184980e-04,-1.52197864e-10,-2.82513570e-04,-8.65477120e-06,
-2.43118700e-11,7.62741700e-11,8.72863800e-04,-3.13926080e-10
,4.03697280e-02,1.14464486e-03,-3.19859100e-10,-1.38760800e-01]]]